10416
10412
10420
10432
10412
10424
10420
10432
10420
10428
10436
10428
10424
10440
10420
10436
10432
10452
10436
10432
10428
10436
10448
10432
10436
10448
10444
10424
10444
10456
10440
10452
10448
10452
10456
10460
10460
10452
10468
10456
10452
10432
10424
10432
10416
10404
10396
10392
10372
10384
10380
10364
10364
10360
10364
10364
10368
10372
10368
10372
10352
10368
10348
10368
10364
10368
10372
10372
10368
10352
10364
10364
10364
10368
10352
10360
10344
10356
10348
10352
10348
10368
10364
10352
10368
10360
10368
10364
10352
10364
10352
10364
10368
10364
10356
10368
10364
10372
10380
10384
10380
10384
10372
10388
10364
10392
10388
10376
10372
10364
10388
10384
10388
10384
10400
10388
10408
10392
10400
10396
10408
10408
10416
10404
10400
10404
10412
10420
10416
10424
10424
10412
10436
10420
10432
10428
10432
10424
10424
10444
10452
10440
10436
10448
10440
10452
10440
10444
10432
10432
10424
10404
10388
10380
10384
10372
10376
10372
10368
10356
10360
10356
10356
10352
10360
10364
10348
10360
10372
10368
10360
10356
10368
10372
10380
10368
10376
10368
10368
10368
10368
10364
10372
10356
10352
10356
10376
10360
10364
10360
10372
10352
10368
10372
10368
10360
10368
10380
10372
10372
10364
10376
10376
10372
10392
10388
10384
10376
10376
10392
10384
10392
10388
10392
10400
10400
10384
10396
10396
10412
10412
10416
10400
10400
10420
10424
10428
10412
10416
10416
10412
10416
10420
10420
10424
10424
10412
10416
10428
10436
10444
10432
10436
10436
10444
10440
10440
10452
10428
10428
10416
10416
10412
10412
10404
10396
10368
10376
10380
10368
10376
10380
10360
10372
10368
10372
10384
10380
10384
10376
10372
10372
10372
10396
10384
10380
10376
10376
10380
10376
10376
10384
10384
10372
10372
10372
10380
10368
10376
10380
10368
10372
10372
10388
10372
10392
10372
10376
10380
10392
10392
10388
10380
10388
10388
10392
10392
10404
10392
10404
10392
10392
10400
10396
10404
10404
10404
10420
10408
10408
10424
10420
10408
10408
10404
10424
10416
10420
10408
10432
10420
10440
10440
10436
10440
10436
10440
10448
10436
10444
10440
10444
10444
10440
10452
10440
10444
10448
10464
10456
10460
10448
10444
10448
10432
10444
10412
10404
10412
10404
10392
10376
10372
10376
10384
10368
10376
10384
10368
10388
10384
10384
10384
10372
10372
10384
10388
10380
10384
10384
10380
10380
10380
10388
10376
10368
10372
10372
10368
10376
10368
10364
10380
10368
10368
10384
10384
10372
10376
10388
10376
10368
10384
10392
10396
10388
10388
10392
10384
10388
10392
10388
10388
10396
10400
10392
10384
10404
10416
10392
10392
10392
10400
10396
10404
10400
10400
10400
10412
10416
10400
10404
10400
10420
10420
10424
10428
10420
10412
10420
10416
10420
10412
10416
10428
10420
10416
10428
10416
10424
10424
10436
10432
10432
10436
10436
10420
10424
10424
10428
10424
10428
10420
10404
10404
10384
10368
10368
10352
10348
10328
10324
10352
10336
10328
10328
10336
10328
10324
10328
10336
10328
10332
10328
10328
10336
10340
10336
10316
10304
10308
10328
10336
10328
10308
10308
10316
10308
10316
10316
10308
10300
10332
10328
10328
10320
10324
10320
10332
10336
10316
10324
10340
10332
10320
10328
10356
10328
10336
10328
10336
10336
10336
10340
10352
10340
10328
10352
10336
10348
10348
10352
10356
10344
10344
10352
10360
10352
10356
10372
10368
10368
10364
10360
10368
10380
10376
10380
10380
10372
10376
10388
10380
10392
10384
10384
10388
10388
10396
10388
10388
10396
10408
10388
10412
10412
10408
10404
10376
10372
10352
10356
10340
10360
10332
10324
10344
10320
10332
10328
10340
10332
10328
10336
10328
10348
10344
10328
10340
10340
10336
10352
10332
10340
10348
10352
10336
10344
10344
10320
10336
10348
10320
10320
10332
10324
10332
10340
10352
10332
10332
10340
10352
10344
10364
10364
10360
10356
10348
10344
10352
10344
10348
10356
10352
10352
10376
10360
10364
10364
10368
10356
10356
10364
10372
10376
10376
10364
10376
10368
10388
10380
10376
10372
10388
10392
10392
10388
10392
10392
10408
10388
10388
10388
10404
10388
10400
10404
10400
10408
10396
10424
10412
10416
10400
10420
10420
10428
10420
10420
10416
10424
10412
10424
10412
10404
10408
10392
10380
10376
10376
10356
10340
10348
10356
10348
10336
10336
10332
10336
10344
10352
10332
10344
10320
10340
10316
10332
10336
10328
10336
10320
10328
10332
10320
10332
10332
10320
10336
10324
10324
10324
10332
10336
10332
10320
10336
10332
10332
10332
10328
10320
10332
10336
10348
10336
10332
10340
10340
10344
10360
10352
10352
10340
10332
10340
10340
10344
10344
10356
10344
10364
10356
10368
10368
10344
10360
10360
10364
10372
10360
10368
10364
10364
10360
10372
10368
10376
10380
10376
10368
10380
10384
10380
10392
10388
10380
10388
10384
10396
10400
10400
10392
10400
10404
10408
10400
10388
10392
10424
10396
10392
10404
10416
10408
10412
10424
10416
10428
10408
10420
10396
10400
10380
10380
10368
10360
10340
10348
10344
10336
10332
10332
10336
10324
10336
10340
10324
10328
10340
10324
10324
10316
10312
10328
10324
10316
10332
10320
10316
10316
10336
10312
10320
10324
10320
10316
10308
10304
10316
10308
10316
10304
10320
10304
10320
10316
10324
10320
10336
10332
10332
10332
10332
10340
10344
10336
10340
10336
10340
10340
10332
10336
10340
10364
10348
10336
10340
10344
10352
10344
10360
10356
10368
10364
10364
10360
10368
10356
10380
10368
10372
10376
10372
10376
10380
10376
10372
10380
10368
10380
10384
10388
10384
10388
10404
10396
10392
10388
10392
10392
10392
10384
10404
10404
10396
10380
10384
10388
10384
10348
10364
10340
10336
10328
10312
10324
10336
10336
10332
10332
10324
10328
10320
10320
10320
10324
10332
10328
10324
10320
10332
10316
10312
10320
10324
10324
10312
10312
10316
10312
10316
10316
10312
10316
10320
10328
10316
10312
10316
10320
10312
10312
10308
10324
10308
10312
10336
10324
10332
10344
10324
10332
10344
10332
10336
10340
10328
10344
10332
10352
10336
10344
10328
10340
10352
10344
10344
10336
10344
10348
10352
10352
10368
10364
10364
10364
10368
10356
10356
10376
10372
10364
10376
10364
10364
10364
10384
10396
10380
10380
10384
10372
10372
10384
10388
10408
10400
10392
10384
10384
10396
10392
10396
10404
10412
10400
10404
10420
10396
10396
10388
10392
10388
10380
10352
10336
10348
10352
10340
10340
10328
10328
10316
10308
10320
10332
10320
10316
10332
10320
10328
10324
10312
10304
10308
10308
10312
10300
10296
10312
10328
10304
10304
10300
10296
10308
10296
10292
10316
10308
10292
10304
10288
10296
10308
10288
10296
10304
10300
10304
10308
10292
10308
10284
10312
10296
10312
10308
10308
10296
10304
10300
10308
10300
10312
10304
10296
10296
10304
10312
10308
10312
10312
10300
10288
10308
10320
10308
10304
10312
10300
10328
10304
10312
10316
10324
10300
10316
10324
10320
10312
10332
10316
10332
10320
10324
10316
10324
10340
10336
10328
10332
10344
10324
10348
10324
10332
10340
10340
10348
10348
10348
10348
10340
10336
10332
10332
10316
10308
10304
10288
10284
10284
10280
10268
10280
10276
10272
10268
10272
10272
10280
10264
10280
10256
10264
10264
10260
10272
10260
10260
10264
10252
10232
10256
10248
10240
10232
10220
10224
10228
10204
10208
10216
10220
10212
10208
10196
10184
10176
10192
10168
10180
10168
10164
10164
10160
10160
10144
10132
10140
10120
10120
10108