308
307.96000000000004
308.0004
308.160396
308.11879204
308.19760411960004
308.23562807840403
308.39327179762
308.4293390796438
308.5450456888473
308.73959523195884
308.85219927963925
308.92367728684286
309.1544405139744
309.18289610883465
309.37106714774626
309.5173564762688
309.86218291150607
310.04356108239097
310.18312547156705
310.2812942168514
310.45848127468287
310.753896461936
310.8863574973166
311.05749392234344
311.34691898311996
311.59344979328876
311.6375152953559
311.8811401424024
312.2423287409784
312.4399054535686
312.7555063990329
313.0279513350426
313.33767182169214
313.6842951034752
314.06745215244047
314.446777630916
314.74230985460684
315.1948867560608
315.52293788850017
315.80770850961517
315.889631424519
315.89073511027385
315.9718277591711
315.8921094815794
315.69318838676355
315.4162565028959
315.1020939378669
314.59107299848824
314.20516226850333
313.78311064581834
313.20527953936016
312.6332267439666
312.0268944765269
311.4666255317616
310.911959276444
310.4028396836796
309.9388112868428
309.4394231739744
308.98502894223463
308.33517865281226
307.85182686628417
307.1733085976213
306.7015755116451
306.19455975652863
305.7326141589634
305.31528801737375
304.9021351372
304.453113785828
303.84858264796975
303.37009682149005
302.8963958532751
302.42743189474237
302.00315757579494
301.423126000037
300.9288947400366
300.27960579263623
299.75680973470986
299.15924163736275
298.6076492209891
298.0215727287792
297.64135700149143
297.2249434314765
296.6926939971617
296.3257670571901
295.88250938661815
295.52368429275197
295.1284474498244
294.61716297532615
294.2309913455729
293.7286814321171
293.35139461779596
293.017880671618
292.6477018649018
292.20122484625284
291.87921259779034
291.52042047181243
291.2452162670943
291.0527641044234
290.90223646337915
290.71321409874537
290.5660819577579
290.3004211381803
290.1974169267985
289.8554427575305
289.79688832995515
289.6989194466556
289.48193025218904
289.2271109496671
288.89483984017045
288.8058914417688
288.6778325273511
288.5910542020776
288.4651436600568
288.50049222345626
288.41548730122173
288.5313324282095
288.4860191039274
288.52115891288815
288.5159473237593
288.6307878505217
288.7444799720165
288.9370351722963
289.0076648205733
289.0375881723676
289.1072122906439
289.25614016773744
289.4835787660601
289.66874297839945
289.9320555486155
290.19273499312936
290.3308076431981
290.7074995667661
290.92042457109847
291.25122032538746
291.5387081221336
291.86332104091224
292.10468783050317
292.34364095219814
292.7802045426762
293.29240249724944
293.6794784722769
294.0226836875541
294.48245685067855
294.8576322821718
295.34905595935004
295.71556539975654
296.118409745759
296.3972256483014
296.6732533918184
296.86652085790024
296.8578556493212
296.689277092828
296.44238432189974
296.23796047868075
295.91558087389393
295.636425065155
295.3200608145034
294.9668602063584
294.4971916042948
294.07221968825183
293.61149749136933
293.15538251645563
292.6638286912911
292.25719040437815
291.8946185003344
291.37567231533103
290.9819155921777
290.71209643625593
290.4049754718934
290.02092571717446
289.60071646000273
289.30470929540274
289.0516622024487
288.88114558042423
288.59233412462
288.3864107833738
288.10254667554005
287.8215212087847
287.54330599669686
287.26787293672993
286.95519420736264
286.72564226528897
286.3383858426361
285.91500198420977
285.5358519643677
285.360493444724
285.02688851027676
284.736619625174
284.4092534289222
284.20516089463297
283.8031092856866
283.5650781928298
283.3694274109015
283.1357331367925
282.82437580542455
282.5961320473703
282.4901707268966
282.30526901962764
282.12221632943135
281.86099416613706
281.7223842244757
281.585160382231
281.4093087784087
281.43521569062455
281.4208635337183
281.3666548983811
281.2329883493973
281.10065846590334
281.1296518812443
281.0783553624318
281.10757180880745
281.09649609071937
281.12553112981215
281.23427581851405
281.3419330603289
281.28851372972565
281.3556285924284
281.4220723065041
281.6478515834391
281.87137306760474
282.13265933692867
282.2313327435594
282.3290194161238
282.62572922196256
282.95947192974296
283.32987721044555
283.5365784383411
283.78121265395765
284.02340052741806
284.2231665221439
284.46093485692245
284.7363255083532
285.0089622532697
285.318872630737
285.62568390442965
285.80942706538536
286.0313327947315
286.37101946678416
286.7873092721163
287.2794361793952
287.6466418176012
288.0501753994252
288.4496736454309
288.9251769089766
289.35592513988684
289.78236588848796
290.3245422296031
290.62129680730703
290.91508383923394
291.0859330008416
291.25507367083316
291.38252293412484
291.50869770478363
291.55361072773576
291.5180746204584
291.2028938742538
290.97086493551126
290.78115628615615
290.4733447232946
290.24861127606164
290.066125163301
289.68546391166797
289.4286092725513
289.1343231798258
288.8829799480275
288.75415014854724
288.5866086470618
288.46074256059114
288.25613513498524
288.01357378363537
287.77343804579897
287.535703665341
287.54034662868753
287.42494316240067
287.27069373077666
287.0779867934689
286.8872069255342
286.73833485627887
286.5509515077161
286.3654419926389
286.26178757271254
286.1591696969854
285.9375780000155
285.7182022200153
285.50102019781514
285.36600999583703
285.1123498958787
284.94122639691994
284.81181413295076
284.5636959916213
284.35805903170507
284.154478441388
284.1129336569741
283.91180432040437
283.9126862772003
283.7135594144283
283.556423820284
283.4408595820812
283.44645098626034
283.45198647639774
283.41746661163376
283.30329194551746
283.2702590260623
283.2375564358017
283.24518087144367
283.2527290627292
283.3802017721019
283.3863997543808
283.512535756837
283.5174103992686
283.5222362952759
283.6070139323231
283.6509437929999
283.7744343550699
283.8966900115192
284.017723111404
284.29754588028993
284.454570421487
284.61002471727215
284.92392447009945
285.1946852253985
285.34273837314447
285.489310989413
285.59441787951886
285.8984737007237
286.11948896371644
286.3782940740793
286.5145111333385
286.8893660220051
287.14047236178504
287.5890676381672
288.0331769617855
288.43284519216763
288.8685167402459
289.25983157284344
289.687233257115
290.1903609245438
290.56845731529836
291.0227727421454
291.4325450147239
291.8782195645767
292.31943736893095
292.71624299524166
293.2290805652892
293.61678975963633
294.04062186204
294.50021564341955
295.11521348698534
295.6440613521155
296.2076207385943
296.6455445312083
297.03908908589625
297.4686981950373
297.73401121308694
298.11667110095607
298.1755043899465
298.15374934604705
298.2122118525866
298.19008973406073
298.0481888367201
297.7477069483529
297.41022987886936
297.1161275800807
296.90496630427987
296.53591664123707
296.2505574748247
296.0480519000764
295.68757138107566
295.5306956672649
295.33538871059227
295.1420348234863
294.9506144752514
294.6411083304989
294.3346972471939
294.15135027472195
294.00983677197473
293.789738404255
293.6118410202124
293.43572261001026
293.22136538391015
293.0091517300711
292.7990602127704
292.67106961064275
292.4243589145363
292.10011532539096
291.819114172137
291.5409230304156
291.2255138001115
290.9932586621104
290.68332607548933
290.3364928147344
290.1531278865871
289.8515966077212
289.553080641644
289.41754983522753
289.2833743368752
289.03054059350643
288.82023518757137
288.7320328356957
288.52471250733873
288.2394653822654
288.11707072844274
288.0759000211583
288.0751410209467
287.99438961073724
287.9144457146299
287.87530125748356
287.7565482449087
287.6789827624596
287.642192934835
287.5657710054867
287.4901132954318
287.49521216247746
287.5402600408527
287.50485744044414
287.3898088660397
287.4759107773793
287.68115166960547
287.64434015290936
287.6078967513802
287.5718177838664
287.6160996060277
287.61993860996745
287.70373922386773
287.7467018316291
287.7892348133128
287.8313424651797
287.9930290405279
288.1930987501226
288.2311677626214
288.30885608499517
288.34576752414523
288.5823098489038
288.81648675041475
289.08832188291063
289.3974386640815
289.6234642774407
289.7672296346663
289.9895573383196
290.1696617649364
290.38796514728705
290.5240854958142
290.698844640856
290.99185619444745
291.20193763250296
291.3699182561779
291.6562190736161
291.81965688287994
292.06146031405115
292.30084571091066
292.6578372538015
292.9712588812635
293.28154629245086
293.6287308295263
293.972443521231
294.1527190860187
294.3711918951585
294.58747997620696
294.8416051764449
295.05318912468044
295.30265723343365
295.4696306610993
295.4749343544883
295.4801850109434
295.28538316083393
294.9325293292256
294.58320403593336
294.077371995574
293.53659827561825
292.80123229286204
292.03321996993344
291.5528877702341
290.91735889253175
290.2081853036064
289.5061034505703
288.8910424160646
288.2021319919039
287.4801106719849
286.805309565265
286.2172564696123
285.55508390491616
284.939533065867
284.2901377352083
283.64723635785623
283.09076399427767
282.5798563543349
282.0340577907915
281.29371721288356
280.4407800407547
279.63637224034716
279.04000851794365
278.5296084327642
277.94431234843654
277.16486922495216
276.3932205327026
275.7092883273756
274.95219544410185
274.2826734896608
273.6198467547642
272.88364828721654
272.0748118043444
271.59406368630096
271.0781230494379
270.56734181894353
269.9816684007541
269.44185171674656
268.86743319957907
268.4187588675833
268.0145712789074
267.4144255661183
266.90028131045716
266.5512784973526
266.12576571237906
265.5845080552553
265.1286629747027
264.9573763449557
264.50780258150616
264.1427245556911
263.7012973101341
263.3442843370328
262.9908414936624
262.64093307872577
262.3345237479385
262.1511785104591
261.8496667253545
261.4311700581009
261.2568583575199
260.9242897739447
260.7150468762052
260.5078964074431
260.3428174433687
260.219389268935
259.9771953762457
259.73742342248323
259.5800491882584
259.5042486963758
259.34920620941205
259.23571414731794
259.2833570058447
259.29052343578627
259.2976182014284
259.2646420194141
259.1919955992199
259.20007564322776
259.3280748867955
259.4147941379275
259.54064619654827
259.6652397345828
259.70858733723696
259.7915014638646
259.993586449226
260.11365058473376
260.3525140788864
260.5089889380975
260.66389904871653
260.8572600582294
261.0486874576471
261.3182005830706
261.5050185772399
261.6899683914675
261.95306870755286
262.3335380204773
262.51020264027255
262.92510061386986
263.3358496077312
263.70249111165384
264.02546620053727
264.0652115385319
264.0645594231466
263.86391382891514
263.705274690626
263.38822194371977
263.2743397242825
262.8815963270397
262.4127803637693
262.1486525601316
261.6471660345303
261.270694374185
260.85798743044313
260.5694075561387
260.2037134805773
259.8016763457715
259.48365958231375
259.0888229864906
258.89793475662566
258.66895540905944
258.28226585496884
258.01944319641916
257.759248764455
257.4616562768104
257.3270397140423
256.9937693169019
256.7438316237329
256.57639330749555
256.4506293744206
256.16612308067636
255.9644618498696
255.7648172313709
255.32716905905718
255.0538973684666
254.90335839478195
254.47432481083413
254.0495815627258
253.74908574709855
253.37159488962754
253.07787894073127
252.86710015132394
252.7784291498107
252.4906448583126
252.2057384097295
252.00368102563218
251.92364421537584
251.7644077732221
251.80676369548988
251.84869605853498
251.85020909794963
251.81170700697012
251.69358993690042
251.53665403753143
251.46128749715612
251.30667462218457
251.19360787596273
251.1616717972031
251.09005507923106
251.01915452843875
251.18896298315437
251.19707335332282
251.2451026197896
251.2926515935917
251.37972507765576
251.3459278268792
251.3124685486104
251.3593438631243
251.48575042449306
251.65089292024814
251.81438399104567
251.8562401511352
252.01767774962386
252.09750097212762
252.37652596240636
252.5727607027823
252.72703309575448
252.83976276479692
253.11136513714897
253.42025148577747
253.7260489709197
253.9887884812105
254.28890059639838
254.5860115904344
255.04015147453006
255.28974995978479
255.53685246018694
255.78148393558507
256.1836690962292
256.4218324052669
256.77761408121427
257.1698379404021
257.51813956099807
257.94295816538806
258.2435285837342
258.8210932978969
259.2728823649179
259.7601535412687
260.08255200585603
260.6017264857975
261.1157092209395
261.7045521287301
262.2075066074428
262.70543154136834
263.15837722595467
263.68679345369515
264.0899255191582
264.60902626396665
265.002936001327
265.3129066413137
265.65977757490055
265.8431797991515
265.90474800116004
265.9257005211484
265.94644351593695
265.7669790807776
265.4293092899698
265.1750161970701
265.0032660350994
264.7532333747484
264.38570104100086
264.02184403059084
263.62162559028496
263.26540933438207
262.99275524103825
262.8028276886279
262.4147994117416
262.1506514176242
261.64914490344796
261.3526534544135
260.81912691986935
260.45093565067066
260.12642629416393
259.7251620312223
259.40791041091
258.9338313068009
258.5444929937329
258.19904806379554
257.7370575831576
257.399687007326
257.0656901372527
256.61503323588016
256.32888290352133
255.9255940744861
255.52633813374123
255.1310747524038
254.81976400487977
254.55156636483096
254.24605070118267
253.82359019417083
253.56535429222913
253.26970074930685
252.97700374181377
252.68723370439565
252.3603613673517
251.95675775367818
251.6771901761414
251.44041827438
251.3260140916362
251.09275395071984
250.82182641121264
250.63360814710052
250.4472720656295
250.3027993449732
250.31977135152349
250.25657363800823
250.19400790162814
250.01206782261184
249.75194714438572
249.57442767294185
249.39868339621242
249.2646965622503
249.1320495966278
249.12072910066152
248.98952180965492
249.05962659155836
249.04903032564275
249.15854002238632
249.26695462216244
249.13428507594082
249.1629422251814
249.19131280292962
249.25939967490032
249.4068056781513
249.4327376213698
249.5384102451561
249.60302614270452
249.66699588127747
249.6903259224647
249.83342266324004
249.93508843660763
250.11573755224157
250.33458017671916
250.51123437495198
250.60612203120246
250.82006081089042
251.07186020278152
251.2811416007537
251.60833018474617
251.89224688289872
252.09332441406974
252.37239116992905
252.60866725822973
252.96258058564743
253.35295477979093
253.739425231993
254.0420309796731
254.42161066987634
254.83739456317758
255.28902061754582
255.65613041137036
255.89956910725667
256.1805734161841
256.77876768202225
257.090980005202
257.36007020515
257.7464695030985
258.2490048080675
258.66651475998685
259.119849612387
259.68865111626315
260.1717646051005
260.7700469590495
261.162346489459
261.67072302456444
261.9340157943188
262.2346756363756
262.33232888001186
262.42900559121176
262.40471553529966
262.3006683799466
261.99766169614713
261.77768507918563
261.5199082283938
261.1847091461098
260.81286205464875
260.44473343410226
260.1202860997612
259.6790832387636
259.36229240637596
259.0886694823122
258.6577827874891
258.2712049596142
258.00849291001805
257.58840798091785
257.17252390110866
256.6807986620976
256.1539906754766
255.79245076872184
255.3945262610346
254.92058099842427
254.61137518844004
254.18526143655563
253.7234088221901
253.2661747339682
253.0135129866285
252.5233778567622
252.1181440781946
251.75696263741264
251.35939301103852
250.92579908092816
250.41654109011887
249.8723756792177
249.45365192242554
248.95911540320128
248.54952424916928
248.02402900667758
247.6637887166108
247.1471508294447
246.79567932115026
246.40772252793877
246.10364530265937
245.76260884963278
245.58498276113644
245.3691329335251
245.15544160418986
244.94388718814798
244.7344483162665
244.60710383310382
244.5210327947728
244.35582246682506
244.2322642421568
244.06994159973522
243.94924218373785
243.82974976190047
243.63145226428148
243.47513774163866
243.36038636422228
243.48678250058006
243.45191467557427
243.29739552881853
243.18442157353033
243.11257735779503
243.12145158421708
243.0502370683749
243.13973469769118
243.18833735071425
243.3564539772071
243.48288943743503
243.60806054306067
243.69197993763007
243.85506013825375
243.8965095368712
244.1775444415025
244.33576899708748
244.5324113071166
244.76708719404544
244.95941632210497
245.1898221588839
245.45792393729508
245.68334469792214
245.8665112509429
246.12784613843345
246.26656767704912
246.52390200027864
246.81866298027583
247.15047635047307
247.43897158696834
247.76458187109867
248.2469360523877
248.6444666918638
248.9980220249452
249.30804180469573
249.65496138664878
249.9984117727823
250.3384276550545
250.59504337850393
251.0490929447189
251.4986020152717
251.86361599511898
252.06497983516778
252.30433003681608
252.58128673644794
252.81547386908343
252.6873191303926
252.72044593908868
252.51324147969777
252.26810906490078
251.94542797425177
251.46597369450924
251.11131395756414
250.88020081798848
250.6513988098086
250.38488482171053
250.12103597349343
249.7798256137585
249.4820273576209
249.1072070840447
248.73613501320423
248.3687736630722
248.0450859264415
247.8046350671771
247.5265887165053
247.21132282934025
246.85920960104684
246.63061750503638
246.24431132998603
245.82186821668617
245.48364953451932
245.1888130391741
244.89692490878235
244.4879556596945
244.08307610309754
243.72224534206657
243.3250228886459
242.97177265975944
242.62205493316185
242.23583438383022
241.89347603999192
241.594541279592
241.37859586679605
241.0448099081281
240.6743618090468
240.34761819095633
240.06414200904678
239.7035005889563
239.34646558306673
238.95300092723608
238.7234709179637
238.33623620878407
237.99287384669623
237.89294510822927
237.67401565714698
237.53727550057553
237.52190274556978
237.30668371811407
237.17361688093294
237.16188071212363
237.0302619050024
236.93995928595237
236.89055969309283
236.72165409616187
236.71443755520028
236.58729317964827
236.6614202478518
236.57480604537326
236.56905798491954
236.40336740507033
236.3593337310196
236.4357403937094
236.43138298977232
236.4270691598746
236.34279846827584
236.3393704835931
236.37597677875715
236.45221701096958
236.52769484085988
236.76241789245128
236.95479371352678
237.1452457763915
237.33379331862758
237.5604553854413
237.66485083158688
237.768202323271
238.07052030003828
238.32981509703788
238.5065169460675
238.80145177660683
238.97343725884076
239.14370288625236
239.31226585738983
239.67914319881592
240.16235176682775
240.48072824915948
240.7959209666679
241.1479617570012
241.37648213943118
241.60271731803684
241.94669014485646
242.3272232434079
242.90395101097383
243.39491150086408
243.80096238585546
244.12295276199688
244.4417232343769
244.87730600203312
245.2685329420128
245.69584761259267
246.19888913646676
246.77690024510207
247.22913124265102
247.71683993022452
248.35967153092227
248.75607481561303
249.1485140674569
249.45702892678233
249.80245863751452
250.10443405113938
250.323389710628
250.26015581352172
250.0375542553865
249.93717871283266
249.87780692570433
249.69902885644728
249.52203856788282
249.22681818220397
248.9345500003819
248.5252045003781
248.0399524553743
247.67955293082056
247.44275740151235
247.08832982749723
246.69744652922228
246.47047206393006
246.12576734329076
245.86450966985785
245.56586457315927
245.15020592742766
244.6587038681534
244.21211682947185
243.76999566117712
243.37229570456535
242.85857274751967
242.30998702004447
241.92688714984402
241.70761827834556
241.2505420955621
240.7980366746065
240.3100563078604
239.7869557447818
239.389086187334
238.87519532546065
238.32644337220606
238.023178938484
237.64294714909914
237.10651767760817
236.6954525008321
236.1284979758238
235.64721299606555
235.2907408661049
234.73783345744386
234.2704551228694
233.8877505716407
233.4688730659243
233.09418433526506
232.7632424919124
232.27561006699327
231.95285396632332
231.39332542666008
231.11939217239347
230.68819825066953
230.42131626816283
230.1171031054812
229.81593207442637
229.3977727536821
229.06379502614527
228.69315707588382
228.40622550512498
228.0421632500737
227.80174161757296
227.48372420139722
227.08888695938325
226.6979980897894
226.3910181088915
226.1671079278026
225.90543684852457
225.68638248003933
225.46951865523891
225.1348234686865
224.68347523399964
224.43664048165965
224.31227407684307
224.06915133607464
223.7884598227139
223.59057522448674
223.27466947224187
223.24192277751945
222.96950354974425
222.77980851424678
222.63201042910433
222.5656903248133
222.26003342156514
222.1174330873495
222.05625875647598
221.95569616891123
221.77613920722212
221.7983778151499
221.6603940369984
221.68379009662843
221.58695219566215
221.53108267370553
221.39577184696847
221.34181412849878
221.4483959872138
221.51391202734166
221.49877290706823
221.52378517799755
221.66854732621758
221.6118618529554
221.79574323442586
221.7377858020816
221.76040794406077
221.86280386462016
221.96417582597394
222.1445340677142
222.32308872703706
222.4998578397667
222.67485926136902
222.76811066875533
222.82042956206777
222.8322252664471
222.84390301378264
222.69546398364483
222.46850934380836
222.20382425037027
221.78178600786657
221.3239681477879
220.87072846631
220.3820211816469
219.77820096983044
219.30041896013213
218.78741477053083
218.2395406228255
217.65714521659723
217.12057376443124
216.5893680267869
216.14347434651904
215.54203960305387
215.10661920702333
214.4355530149531
213.85119748480355
213.27268550995552
212.65995865485598
212.1733590683074
211.57162547762434
210.97590922284812
210.42615013061965
209.76188862931343
208.9042697430203
208.29522704559008
207.61227477513418
206.85615202738282
206.027590507109
205.08731460203794
204.19644145601754
203.35447704145736
202.2809322710428
201.25812294833236
200.32554171884905
199.44228630166057
198.48786343864396
197.50298480425752
196.40795495621495
195.2038754066528
193.93183665258627
192.8325182860604
191.50419310319978
190.3091511721678
189.0060596604461
187.67599906384166
186.35923907320324
185.0156466824712
183.68549021564652
182.20863531349008
180.6265489603552
179.14028347075163
177.4688806360441
175.81419182968366
0
