318
312
314
328
308
322
318
334
320
322
324
324
328
328
320
334
330
330
332
336
326
336
340
334
338
346
344
330
348
348
338
334
328
334
328
324
320
314
312
312
308
290
286
288
282
276
274
274
262
270
258
258
248
256
256
258
262
264
260
254
250
258
248
260
250
256
250
256
250
244
248
258
256
252
252
252
248
252
242
250
242
258
258
250
254
256
258
260
258
266
258
266
262
268
252
272
268
266
268
266
276
276
272
278
274
282
290
276
278
272
290
288
294
286
292
288
302
298
300
302
308
302
318
304
308
308
314
314
312
326
330
318
328
326
328
332
328
326
320
330
330
314
304
306
304
304
300
300
292
286
284
272
264
258
264
260
254
258
262
254
252
248
254
254
262
258
254
256
262
260
256
252
262
256
258
254
268
256
258
256
262
250
262
256
252
250
264
262
260
258
260
256
264
264
272
266
268
270
266
274
266
276
274
274
288
286
276
278
278
294
290
296
286
288
302
304
298
296
298
306
304
308
302
302
314
316
312
306
314
318
320
316
320
320
326
324
318
326
320
324
322
316
316
316
316
310
296
306
296
290
288
290
278
284
278
276
268
270
274
264
266
268
258
276
268
268
272
270
274
268
266
270
270
276
270
268
270
264
270
270
264
270
270
272
264
274
268
264
270
278
272
272
268
280
272
284
274
282
278
290
284
282
282
284
288
290
290
304
292
298
300
298
296
294
296
306
302
312
300
312
314
322
316
314
314
322
320
326
314
330
322
334
334
330
338
330
334
340
342
342
342
338
336
336
334
334
320
318
330
322
318
304
300
304
300
298
286
286
282
288
280
272
270
266
270
268
274
274
268
278
274
274
274
272
266
268
272
268
268
272
266
264
272
270
264
268
270
264
264
274
264
258
274
272
274
278
278
274
272
280
276
270
278
286
290
282
278
290
292
282
284
282
286
288
294
288
284
294
306
296
288
290
292
300
304
304
306
302
304
310
300
304
298
310
316
314
314
316
306
314
312
320
314
316
324
320
310
318
312
318
316
324
318
310
312
302
286
288
280
280
268
268
278
262
258
248
244
240
230
230
224
218
234
224
220
224
230
224
212
208
214
220
226
220
210
214
220
214
208
202
200
206
226
220
210
206
212
206
216
218
204
204
228
222
216
216
232
216
226
224
218
222
230
228
228
226
234
232
228
230
234
236
238
234
240
238
236
244
238
252
250
252
252
244
248
258
260
258
260
264
264
270
264
268
268
274
274
276
280
272
274
284
286
282
290
290
290
288
278
272
262
268
266
266
264
260
268
254
246
242
238
236
226
240
222
228
236
216
228
226
230
234
222
230
230
242
232
228
234
222
228
242
218
222
232
230
226
234
240
218
226
236
228
224
240
236
238
240
242
230
234
234
242
242
250
250
260
250
248
246
252
242
244
252
254
256
268
254
262
258
270
260
258
260
272
276
276
268
276
272
290
276
274
272
288
282
288
288
288
292
294
298
292
294
294
296
302
308
302
306
298
316
304
312
298
304
306
302
292
290
288
282
268
278
276
268
264
256
248
248
252
246
228
238
230
236
218
226
226
224
232
228
222
230
212
228
216
218
228
218
222
214
222
226
218
218
226
218
226
220
218
214
224
228
232
220
226
228
228
230
236
228
234
230
232
230
228
234
234
242
244
250
246
246
242
234
242
244
246
256
244
258
252
258
256
250
256
260
264
266
256
266
266
264
268
272
266
274
274
278
276
282
280
282
290
290
282
280
280
302
290
288
290
300
298
302
304
294
302
308
300
286
294
290
286
282
284
270
280
268
270
256
258
250
244
244
242
224
230
234
222
220
216
216
218
222
220
220
216
220
212
222
206
208
218
214
208
212
204
208
204
218
200
212
206
212
208
208
204
218
212
216
210
218
214
224
218
224
220
230
228
224
226
228
244
238
228
232
232
238
234
238
238
246
256
248
240
246
242
258
248
258
258
262
262
264
260
262
260
266
266
270
274
270
274
284
278
274
276
272
278
280
278
286
288
292
280
280
280
280
262
270
254
262
258
246
244
252
254
250
232
236
226
220
216
208
216
226
224
220
218
220
214
208
212
214
216
214
212
212
208
216
208
204
210
214
218
206
204
208
208
206
206
202
212
206
212
218
210
216
224
210
214
218
220
214
218
224
226
224
240
222
230
228
228
236
234
228
232
230
242
236
240
240
244
250
246
248
238
242
254
254
250
264
256
256
256
268
268
260
270
270
260
266
266
268
278
284
286
274
274
282
274
276
286
292
296
294
298
282
282
284
284
284
284
274
260
268
278
260
260
250
252
244
236
228
226
226
226
228
222
220
218
206
198
206
212
208
200
206
208
220
206
200
194
194
200
196
188
198
202
202
196
188
190
194
190
188
190
200
198
192
190
190
182
202
184
196
198
196
192
198
188
200
184
204
192
196
194
198
196
198
198
202
192
192
198
200
194
196
204
196
212
200
198
194
208
202
204
206
208
198
222
202
214
210
216
200
212
224
220
212
224
222
220
226
216
216
224
232
234
230
232
238
224
234
220
224
220
216
218
210
208
208
202
194
198
196
186
180
180
172
174
166
172
154
164
162
158
162
158
158
164
150
148
148
148
144
138
138
134
136
126
122
116
130
122
116
106
94
92
102
78
86
84
84
80
76
70
56
46
58
36
42
30
56
56
52
52
36
24
32
12
12
0
